       88                                                                                    81
     8181                                                                                888
   18888                                                                              8888
   181888                                                                          888188
   88  1888                                                                      8881  81
   88    1888                                                                18881    81
   18      1881                                                            18881     81
   881      8888                                                        1888        88
   188        8888                                                    8888          88
     88        18888                                                8888            81
     881        88881                                            8888             88
     181        188881                                        8888            188
       88          88888                                      8888              88
       881          88881                                  18181            181
         88          18888                                  1888              88
         181          18881                              1888              181
           881          8888                              8881              88
             881          8881                            888              88
               881        1888                          8888            881
                 888        8881                      18181          881
                   1881      888                      8888          881
                       888    1888                    8888      1881
                         1881  888881888888888888888888
                             888888888888888881188888
                               188888888888888888888
                                   888888888188888881
                                 1888818881818118881
                               188    888888881181  881
                               88      88888181888      81
                             888      18888881881      881
                           8888        888888888        888
                         18888        888888888        8881
                       888888    88188818881  88  8888
           111118888888  88818888888  8888888881  1111
       11                    1118881888888818881                      11
   181                                  888888881                                18
   11                                      188881                                      81
   1                              188        88      188888881                  11
   8                      888888811                8888888  11              1
   111                    888888  11118  1    888888      1              8
     11                      88888          1        888881                  111
         11                    88881        1        88888                  11
             11                888881              88888                11
                 11              8888888111888888              11
                     111          88118888811118            1
                           11        888888888881        11
                                 111    18888881    11
                                     11                    11